Accuracy: 0.9789473684210527
Recall: 0.9489795918367347
Precision: 0.9893617021276596
F1 Score: 0.96875
